;lat;lng;score
0;21.42449662831683;-124.20021918075126;338.34711708281975
1;21.42449662831683;-124.20021918075126;318.17886652705005
2;21.42449662831683;-124.20021918075126;372.03146257414255
3;21.42449662831683;-124.20021918075126;375.4089789565426
4;21.42449662831683;-124.20021918075126;372.9798332904593
5;21.42449662831683;-124.20021918075126;344.0507275458848
6;21.42449662831683;-124.20021918075126;356.1481974674186
7;21.42449662831683;-124.20021918075126;312.76415983967127
8;21.42449662831683;-124.20021918075126;311.009230361983
9;21.42449662831683;-124.20021918075126;358.9153786001812
10;-78.73399299903468;-133.47980068670205;91.02918038983668
11;-78.73399299903468;-133.47980068670205;125.81419400652072
12;-78.73399299903468;-133.47980068670205;147.6852184447548
13;-78.73399299903468;-133.47980068670205;128.90901835549317
14;-78.73399299903468;-133.47980068670205;141.7399189027175
15;-78.73399299903468;-133.47980068670205;99.00487998481711
16;-78.73399299903468;-133.47980068670205;105.71216147107017
17;-78.73399299903468;-133.47980068670205;97.85652578093129
18;-78.73399299903468;-133.47980068670205;94.69043846985304
19;-78.73399299903468;-133.47980068670205;164.03259563345378
20;69.18684250608734;-133.47914580067672;164.29547973814024
21;69.18684250608734;-133.47914580067672;102.54303368380698
22;69.18684250608734;-133.47914580067672;106.98057020907643
23;69.18684250608734;-133.47914580067672;109.17913720547426
24;69.18684250608734;-133.47914580067672;146.3084783134072
25;69.18684250608734;-133.47914580067672;126.80768458835657
26;69.18684250608734;-133.47914580067672;156.92463613111943
27;69.18684250608734;-133.47914580067672;117.44483171864087
28;69.18684250608734;-133.47914580067672;156.76277375883694
29;69.18684250608734;-133.47914580067672;138.4000005229327
30;86.31329862302812;-143.46157808550547;145.11826179859872
31;86.31329862302812;-143.46157808550547;166.8095839392696
32;86.31329862302812;-143.46157808550547;136.1297648669977
33;86.31329862302812;-143.46157808550547;112.04242206942887
34;86.31329862302812;-143.46157808550547;132.80841802596618
35;86.31329862302812;-143.46157808550547;164.97125404825078
36;86.31329862302812;-143.46157808550547;176.83086956508032
37;86.31329862302812;-143.46157808550547;115.24122177666831
38;86.31329862302812;-143.46157808550547;162.41675696924173
39;86.31329862302812;-143.46157808550547;151.42465534163628
40;12.509553700434978;97.08913715799031;26.250229689642886
41;12.509553700434978;97.08913715799031;31.007075115490263
42;12.509553700434978;97.08913715799031;20.03963156258133
43;12.509553700434978;97.08913715799031;86.4711445908244
44;12.509553700434978;97.08913715799031;44.34052633982412
45;12.509553700434978;97.08913715799031;52.449794557190714
46;12.509553700434978;97.08913715799031;84.14321103299199
47;12.509553700434978;97.08913715799031;71.04152304762854
48;12.509553700434978;97.08913715799031;87.79539231238616
49;12.509553700434978;97.08913715799031;75.36472660028593
50;-56.489113823419494;97.26181715569157;153.12553503597636
51;-56.489113823419494;97.26181715569157;114.99721261784961
52;-56.489113823419494;97.26181715569157;156.53043413510082
53;-56.489113823419494;97.26181715569157;167.93030058487818
54;-56.489113823419494;97.26181715569157;126.79083473261909
55;-56.489113823419494;97.26181715569157;96.82117968411163
56;-56.489113823419494;97.26181715569157;121.83528585354483
57;-56.489113823419494;97.26181715569157;138.58487745805553
58;-56.489113823419494;97.26181715569157;99.07069397248122
59;-56.489113823419494;97.26181715569157;134.8259571567466
60;60.20874867158497;171.40334697532268;55.17062566000417
61;60.20874867158497;171.40334697532268;35.99826136634647
62;60.20874867158497;171.40334697532268;22.92818864942422
63;60.20874867158497;171.40334697532268;37.77805456942674
64;60.20874867158497;171.40334697532268;77.86607973828121
65;60.20874867158497;171.40334697532268;57.36824237510723
66;60.20874867158497;171.40334697532268;35.7797621276587
67;60.20874867158497;171.40334697532268;35.86626262736603
68;60.20874867158497;171.40334697532268;41.31464808655269
69;60.20874867158497;171.40334697532268;56.14616069460588
70;83.61679704968057;-114.2682755668284;97.78824945902014
71;83.61679704968057;-114.2682755668284;87.39177139306125
72;83.61679704968057;-114.2682755668284;48.54907549520795
73;83.61679704968057;-114.2682755668284;95.51275786862766
74;83.61679704968057;-114.2682755668284;46.29801326708329
75;83.61679704968057;-114.2682755668284;94.23094688669731
76;83.61679704968057;-114.2682755668284;73.08231773565326
77;83.61679704968057;-114.2682755668284;40.26751138036971
78;83.61679704968057;-114.2682755668284;49.22027630197427
79;83.61679704968057;-114.2682755668284;95.42017118868225
80;35.02935281348687;-56.911091743774875;234.16492556435315
81;35.02935281348687;-56.911091743774875;207.12056544522744
82;35.02935281348687;-56.911091743774875;237.69492586240838
83;35.02935281348687;-56.911091743774875;198.9906758332521
84;35.02935281348687;-56.911091743774875;192.60502491529348
85;35.02935281348687;-56.911091743774875;230.41676622472175
86;35.02935281348687;-56.911091743774875;205.61298647290306
87;35.02935281348687;-56.911091743774875;211.63818463551942
88;35.02935281348687;-56.911091743774875;214.9000837467633
89;35.02935281348687;-56.911091743774875;194.17203563887435
90;-76.99442546073331;-86.28735356622403;88.70928371339373
91;-76.99442546073331;-86.28735356622403;109.28681492687866
92;-76.99442546073331;-86.28735356622403;115.26655201706117
93;-76.99442546073331;-86.28735356622403;63.707337550811175
94;-76.99442546073331;-86.28735356622403;72.05357176271926
95;-76.99442546073331;-86.28735356622403;79.56526507941813
96;-76.99442546073331;-86.28735356622403;69.23769695811305
97;-76.99442546073331;-86.28735356622403;77.253341373612
98;-76.99442546073331;-86.28735356622403;112.09014215027162
99;-76.99442546073331;-86.28735356622403;57.91467714355543
100;5.322113833690963;10.265568356051773;458.5695876867092
101;5.322113833690963;10.265568356051773;500.3040250189602
102;5.322113833690963;10.265568356051773;462.22202212417204
103;5.322113833690963;10.265568356051773;523.2125148905293
104;5.322113833690963;10.265568356051773;493.18780925863774
105;5.322113833690963;10.265568356051773;458.5851046747092
106;5.322113833690963;10.265568356051773;492.7664944598726
107;5.322113833690963;10.265568356051773;501.8521362475346
108;5.322113833690963;10.265568356051773;496.0262296981462
109;5.322113833690963;10.265568356051773;459.7658682574546
110;-63.628667225240314;-47.22620648632642;81.27097455182624
111;-63.628667225240314;-47.22620648632642;34.80640080917834
112;-63.628667225240314;-47.22620648632642;66.20064396543236
113;-63.628667225240314;-47.22620648632642;26.75903167241096
114;-63.628667225240314;-47.22620648632642;78.83443635651041
115;-63.628667225240314;-47.22620648632642;75.63289456489608
116;-63.628667225240314;-47.22620648632642;66.43993343143153
117;-63.628667225240314;-47.22620648632642;83.19186887155806
118;-63.628667225240314;-47.22620648632642;34.93932976239531
119;-63.628667225240314;-47.22620648632642;41.29930098307181
120;53.97283891486282;109.55733797601005;213.26459005632287
121;53.97283891486282;109.55733797601005;225.3294899735645
122;53.97283891486282;109.55733797601005;204.3947186754639
123;53.97283891486282;109.55733797601005;243.8693287161625
124;53.97283891486282;109.55733797601005;249.5626609439875
125;53.97283891486282;109.55733797601005;235.82343635119713
126;53.97283891486282;109.55733797601005;200.32503609345213
127;53.97283891486282;109.55733797601005;208.55810096439393
128;53.97283891486282;109.55733797601005;242.31944617076348
129;53.97283891486282;109.55733797601005;265.5363397697712
130;-8.505332809486973;-75.78878610715535;295.00197220345194
131;-8.505332809486973;-75.78878610715535;305.1372082403807
132;-8.505332809486973;-75.78878610715535;287.6141847964933
133;-8.505332809486973;-75.78878610715535;242.31733438295413
134;-8.505332809486973;-75.78878610715535;300.251654054962
135;-8.505332809486973;-75.78878610715535;278.39386991901614
136;-8.505332809486973;-75.78878610715535;290.66177237087686
137;-8.505332809486973;-75.78878610715535;258.98124520500494
138;-8.505332809486973;-75.78878610715535;285.18454661341224
139;-8.505332809486973;-75.78878610715535;305.31726606722003
140;78.17638438382897;150.88506127187878;155.28011267556494
141;78.17638438382897;150.88506127187878;163.81154134720475
142;78.17638438382897;150.88506127187878;210.5088081094869
143;78.17638438382897;150.88506127187878;174.3748534859141
144;78.17638438382897;150.88506127187878;176.93998639643993
145;78.17638438382897;150.88506127187878;171.46010649857374
146;78.17638438382897;150.88506127187878;154.03772662794464
147;78.17638438382897;150.88506127187878;159.66000365757955
148;78.17638438382897;150.88506127187878;194.2147081423467
149;78.17638438382897;150.88506127187878;146.6511853770162
150;-52.04204424090435;145.3087402955083;252.89417944968366
151;-52.04204424090435;145.3087402955083;255.0264596137286
152;-52.04204424090435;145.3087402955083;241.95799434108477
153;-52.04204424090435;145.3087402955083;243.49562466148356
154;-52.04204424090435;145.3087402955083;252.95974924011978
155;-52.04204424090435;145.3087402955083;206.10650314354567
156;-52.04204424090435;145.3087402955083;225.9705438120041
157;-52.04204424090435;145.3087402955083;194.38679327287986
158;-52.04204424090435;145.3087402955083;259.914287112763
159;-52.04204424090435;145.3087402955083;198.12378427648463
160;50.94291960037114;-141.13175866052896;244.86811153572364
161;50.94291960037114;-141.13175866052896;220.90610092998935
162;50.94291960037114;-141.13175866052896;237.71847421686167
163;50.94291960037114;-141.13175866052896;234.41258616944978
164;50.94291960037114;-141.13175866052896;240.7997804835167
165;50.94291960037114;-141.13175866052896;205.82730103083296
166;50.94291960037114;-141.13175866052896;228.35090690440816
167;50.94291960037114;-141.13175866052896;204.49276670208718
168;50.94291960037114;-141.13175866052896;193.74640128965552
169;50.94291960037114;-141.13175866052896;215.8960116286315
170;56.50021098979184;107.54451945343811;247.64431085118565
171;56.50021098979184;107.54451945343811;266.4988502477822
172;56.50021098979184;107.54451945343811;285.8816170815781
173;56.50021098979184;107.54451945343811;217.63880070319794
174;56.50021098979184;107.54451945343811;219.5482168518101
175;56.50021098979184;107.54451945343811;238.4354853785037
176;56.50021098979184;107.54451945343811;277.63573971146343
177;56.50021098979184;107.54451945343811;282.4935527267733
178;56.50021098979184;107.54451945343811;235.63346047983057
179;56.50021098979184;107.54451945343811;249.14144933381888
180;70.60842089311492;-147.5378785101069;117.98081365044129
181;70.60842089311492;-147.5378785101069;179.12487172090866
182;70.60842089311492;-147.5378785101069;123.43629138505828
183;70.60842089311492;-147.5378785101069;136.38608110793555
184;70.60842089311492;-147.5378785101069;156.3033932540232
185;70.60842089311492;-147.5378785101069;179.5481772477868
186;70.60842089311492;-147.5378785101069;169.55601018376933
187;70.60842089311492;-147.5378785101069;175.58442809793982
188;70.60842089311492;-147.5378785101069;184.08708692701606
189;70.60842089311492;-147.5378785101069;113.86723513386315
190;-23.806834489486235;61.2848196192561;161.54618295045577
191;-23.806834489486235;61.2848196192561;186.16558212016213
192;-23.806834489486235;61.2848196192561;191.89076160618876
193;-23.806834489486235;61.2848196192561;181.00173865111083
194;-23.806834489486235;61.2848196192561;135.2908724455147
195;-23.806834489486235;61.2848196192561;178.20549423758578
196;-23.806834489486235;61.2848196192561;172.76354376596908
197;-23.806834489486235;61.2848196192561;172.00518295414787
198;-23.806834489486235;61.2848196192561;155.3896430917312
199;-23.806834489486235;61.2848196192561;137.34979683068443
200;-75.80478929271636;-99.71294652166377;154.3311850709389
201;-75.80478929271636;-99.71294652166377;127.02651009809553
202;-75.80478929271636;-99.71294652166377;106.40232660747832
203;-75.80478929271636;-99.71294652166377;145.5182238866324
204;-75.80478929271636;-99.71294652166377;114.86917486891454
205;-75.80478929271636;-99.71294652166377;134.27786665785683
206;-75.80478929271636;-99.71294652166377;110.65707749782848
207;-75.80478929271636;-99.71294652166377;168.82685863876844
208;-75.80478929271636;-99.71294652166377;114.74953157451384
209;-75.80478929271636;-99.71294652166377;129.6531446899855
210;-62.90162654054929;-64.36957910566836;157.48035898938917
211;-62.90162654054929;-64.36957910566836;177.6786964896283
212;-62.90162654054929;-64.36957910566836;131.15996320477643
213;-62.90162654054929;-64.36957910566836;145.7778915457013
214;-62.90162654054929;-64.36957910566836;150.09474311732944
215;-62.90162654054929;-64.36957910566836;167.22709598958212
216;-62.90162654054929;-64.36957910566836;175.33170858234774
217;-62.90162654054929;-64.36957910566836;152.0800970279266
218;-62.90162654054929;-64.36957910566836;173.5059453567223
219;-62.90162654054929;-64.36957910566836;148.40129738466197
220;82.83421421785243;-127.86214272043486;102.14389449445241
221;82.83421421785243;-127.86214272043486;75.24017715225646
222;82.83421421785243;-127.86214272043486;76.97483815167838
223;82.83421421785243;-127.86214272043486;99.5530305410624
224;82.83421421785243;-127.86214272043486;64.60582185248735
225;82.83421421785243;-127.86214272043486;65.04714177095592
226;82.83421421785243;-127.86214272043486;78.49704383551158
227;82.83421421785243;-127.86214272043486;86.46600929721247
228;82.83421421785243;-127.86214272043486;45.74667500246903
229;82.83421421785243;-127.86214272043486;95.60184302748593
230;12.418995664223232;-112.97490610867061;308.667141320168
231;12.418995664223232;-112.97490610867061;262.7027132800962
232;12.418995664223232;-112.97490610867061;280.34461269740024
233;12.418995664223232;-112.97490610867061;253.63643218258082
234;12.418995664223232;-112.97490610867061;290.7048268048426
235;12.418995664223232;-112.97490610867061;309.45718486323693
236;12.418995664223232;-112.97490610867061;257.6635439199491
237;12.418995664223232;-112.97490610867061;278.27774878482535
238;12.418995664223232;-112.97490610867061;242.59292361925475
239;12.418995664223232;-112.97490610867061;290.6656854826311
240;-21.098270793190252;26.633651870493054;367.25075960497014
241;-21.098270793190252;26.633651870493054;359.8632067584233
242;-21.098270793190252;26.633651870493054;359.22629018569313
243;-21.098270793190252;26.633651870493054;400.94570452435636
244;-21.098270793190252;26.633651870493054;367.3333729025542
245;-21.098270793190252;26.633651870493054;386.2018239755577
246;-21.098270793190252;26.633651870493054;363.21663293063705
247;-21.098270793190252;26.633651870493054;354.836631822747
248;-21.098270793190252;26.633651870493054;378.8304196363279
249;-21.098270793190252;26.633651870493054;359.0355509459045
250;37.14769039684215;-68.23526433454343;389.8499785495782
251;37.14769039684215;-68.23526433454343;384.63408635382876
252;37.14769039684215;-68.23526433454343;420.9326745757942
253;37.14769039684215;-68.23526433454343;384.0172848928296
254;37.14769039684215;-68.23526433454343;424.1196996897122
255;37.14769039684215;-68.23526433454343;360.16539019537765
256;37.14769039684215;-68.23526433454343;359.2312384017915
257;37.14769039684215;-68.23526433454343;392.16943481613225
258;37.14769039684215;-68.23526433454343;414.1155811155161
259;37.14769039684215;-68.23526433454343;427.58452815035247
260;-84.57767325210779;-46.103363866869984;75.31568569862972
261;-84.57767325210779;-46.103363866869984;79.04834161558622
262;-84.57767325210779;-46.103363866869984;62.65270303792727
263;-84.57767325210779;-46.103363866869984;57.66629902140073
264;-84.57767325210779;-46.103363866869984;77.99794493739287
265;-84.57767325210779;-46.103363866869984;51.80201645267407
266;-84.57767325210779;-46.103363866869984;55.18990035726189
267;-84.57767325210779;-46.103363866869984;24.67026011130536
268;-84.57767325210779;-46.103363866869984;68.23941862744498
269;-84.57767325210779;-46.103363866869984;87.73339676395143
270;83.79373085745641;147.350873514339;412.3338862549796
271;83.79373085745641;147.350873514339;430.8178242736649
272;83.79373085745641;147.350873514339;402.3778072736578
273;83.79373085745641;147.350873514339;436.2387416496621
274;83.79373085745641;147.350873514339;431.84420508230136
275;83.79373085745641;147.350873514339;415.4460563470999
276;83.79373085745641;147.350873514339;469.2170003677672
277;83.79373085745641;147.350873514339;405.4240355907505
278;83.79373085745641;147.350873514339;415.1133710523807
279;83.79373085745641;147.350873514339;412.7074837328668
280;-56.314060293061104;169.52707907361065;186.02509587327478
281;-56.314060293061104;169.52707907361065;242.5435775023075
282;-56.314060293061104;169.52707907361065;228.59220727599603
283;-56.314060293061104;169.52707907361065;247.5275541900898
284;-56.314060293061104;169.52707907361065;176.94545793296578
285;-56.314060293061104;169.52707907361065;178.13250775550634
286;-56.314060293061104;169.52707907361065;248.33277779122892
287;-56.314060293061104;169.52707907361065;218.7485462068235
288;-56.314060293061104;169.52707907361065;214.6109521970306
289;-56.314060293061104;169.52707907361065;214.234646136116
290;-73.60642500043;110.41392020205149;82.47033490860431
291;-73.60642500043;110.41392020205149;46.703980433934774
292;-73.60642500043;110.41392020205149;47.68385057031077
293;-73.60642500043;110.41392020205149;41.40147149142862
294;-73.60642500043;110.41392020205149;19.00942520637344
295;-73.60642500043;110.41392020205149;75.83744538047941
296;-73.60642500043;110.41392020205149;59.96335619568455
297;-73.60642500043;110.41392020205149;60.88651707956504
298;-73.60642500043;110.41392020205149;26.10365871399309
299;-73.60642500043;110.41392020205149;22.2655120795385
